1234567890
3245691082
9996906000
8889694543
0374028032
4707027097
9237219749
1740840384
5973401840
5703848210
7028021841
1834774244
6757291023
0000048822
5747382299
9999483884
8613525634
2192836867
9706425035
6701512503
1891368335
2913007906
5227395163
6316347626
5286434016
6736371998
2518669116
9860568776
3732606820
0942896232
0919381136
6060112251
3184343781
1837125553
8604600335
4398630807
5497628935
6130381628
5164946718
0319591995
4660637587
6903886236
0269315367
4418802396
7185222839
0698961350
3162428538
1412665652
0144559393
9092292162
5408655594
9916541035
5664041957
4249760472
6980802690
6647913279
8015694851
5411098505
0503007642
7586313571
3995191019
9293770281
5224407108
5447148756
5392576176
6250690550
5567955257
9330862218
0989381757
0672445553
9361224770
0976385167
6407736406
7553011218
3810302731
6468727879
4969009022
0779384064
7893552562
0419416594
6802697386
3852985381
3258729850
7202440786
7757079060
6419956218
2981386043
2232645879
0558909302
0754634810
6091381292
2063445788
3681245428
7402540762
2856475633
5150674998
0087956304
3213413651
4907856830
1033534947
6751173934
0677816880
4950761653
7324776514
5050291189
9429911328
3945941342
2061390565
5348321326
7451842166
6113551333
0669642847
2704613645
2511911281
4165011245
3456461898
0657431574
1045829995
7186116286
6024554706
8341321064
8416850145
9539893727
7561394507
4511424078
4114516329
9898515018
4020797149
4393007575
8679386477
4655539684
5519142222
5132650819
7703197166
2933929327
9982728041
3244396728
0600704164
9471948366
3360372302
8316543768
3730663522
3909704979
3613409483
8384919513
0166794814
0754448652
4138509138
6402746212
8683000820
4687905281
6003370704
3777198465
9545315224
4578860670
6808940331
5702126460
6290264725
1271521193
9081770912
1168481574
1559816656
3977288431
6109845650
5151260341
7139248432
6313250251
7405131988
4603313026
6916682064
7498208573
1894428090
6106998399
7476297572
6918126366
9717594518
9259011827
7202797394
1200670466
3532276627
6015924558
6401452706
0626634069
0554645195
9201388618
3722474514
8883653784
0728290282
2192746162
9739860149
2062099875
2653449425
7853776375
9050852637
6827348247
7465561883
8783710631
7491598361
4906425899
9112176711
5870732685
4653673357
0364131991
8523552524
1188737960
4821919273
2555092242
4931791198
6020736628
1628390784
8441747596
5085581918
3117490542
4796412329
8307869417
4810765585
4585415149
2688007668
0883551075
2935386136
0338179635
9625818090
9637266858
3305514156
6101490488
1783523855
2895589166
1782336080
2265258374
4625424666
9032765500
5061487481
5583928304
6103748418
3281489466
9903016633
6245811574
1230363474
3984978119
2640388959
9625235281
6601712109
2511226379
8533669522
1260284130
3238243722
4490866291
4006801725
4552281621
7685136981
7845187288
9786100551
3165508471
8244354796
8376539457
8128880849
8199801252
7473549757
7721609448
5971797468
1778478437
6460045291
0434788165
0893538599
9333211455
1675263836
6969064556
1987656680
6509765874
3294933174
8423484932
3419571631
3800471755
1139543938
9334580826
6592461179
1828506309
1395102222
8864879107
5438116594
9887471266
8661047398
2998027241
4371885646
0497313672
2087131236
4424032192
0642636633
9507557957
2129561015
1083941315
5680930285
9359188918
8520221763
0070828520
9200949889
3007818334
4545335424
3819022465
7523491505
6597372503
9048954822
0576156763
7575794732
3427551708
8583030374
5265643445
4315939772
7053808728
1578748495
6332185721
2328579059
2693713285
6146871816
5651129820
8913646589
1617751898
0387724806
6476874871
9620050296
2424628356
6710089452
9038943014
3255626187
6634677576
0357367548
7342081077
2290699167
9133936159
6800002113
8883056578
3145419011
0263897535
9352131874
3968500033
6381547392
9177296431
9999487245
3300801987
4002869321
2441152347
4415999770
8312963462
7499273224
0931421415
1178145885
5665388542
0896587842
0624909086
4500762587
0196416732
4829878178
5140970091
4477181105
7823024274
6767753879
3095391333
5170198474
4628574950
5331783159
8598963083
4198195747
9088275719
3877368884
8424599262
1025711791
5248743076
2267912057
6453892346
1505879769
9614878973
2436368433
7439732585
0273574165
7265773611
8809794796
3207011738
9267941234
3144570641
3420035411
4118676914
0256726212
8822692166
3458491502
4970153424
3200931660
8466182277
9434390761
7603231436
4818138927
2789960903
3883240791
5042211374
9580623881
8815715978
2194653340
5014035203
6780467793
0712645903
7586818919
7709512965
8399739342
3210381834
6060999513
0930910188
0490098048
1228077815
3557006620
6240746562
6656921422
9179002326
9068717925
6892117791
4847198805
0067746880
9336641279
9817574770
8182849546
8384108617
3312868925
2967219708
4122435904
9702062971
1952406306
3708942054
0055511749
7747817864
1444510689
2412515705
6801104003
6272698541
2091845209
0677209370
6921967441
9714606934
4846070020
8527457871
8713847010
3190730943
5313342680
6085343168
8252131081
1693502983
7739030538
0443016822
7964119410
4887865969
7333336312
4575947598
9149343295
2291494865
5930712501
3174237250
4320924259
4499605014
0739385620
9436448888
1217658151
3985615343
0157212663
2335117262
8636160690
4845474599
7458673660
4658485035
9991652896
6496610923
8536153667
0513653841
8889932748
8067409380
5786368537
3983604159
8113747948
9453587540
5601452526
7163654152
3117136786
0850570952
6341577404
6246734377
2745855338
6221618186
2736301575
7162689842
0746010247
6726265581
1762423984
3070591599
4797685410
8090919263
3173526769
3576790594
3732995032
7931801756
3012897616
2254948211
6627577484
3179531503
7248124125
5831529931
2469281254
6280699476
2986335659
6636323933
9333298800
4686315319
2858082439
9744649819
9404020389
5336191947
1195585011
4461382523
3684637056
6393454008
5114622989
4255350049
7729725503
4172804241
4189935797
2706211377
9008314373
3765179435
5225849597
0323031492
7590468216
6360114719
4179419179
3802972950
9999136634
5065284220
2984915319
4924126771
6737835380
1204584940
8605108307
1339598777
4410385217
1480669189
3719202123
0027957202
4310692823
0688872906
3164338519
5678719201
8117049213
4647511510
6951965354
5621976409
7820298239
3694578480
0342373357
5994491406
6495053521
4440962604
8941620872
1037759424
6854685818
6853036557
6110756743
7586242181
8601945967
7551999869
9664171873
6934650826
5042741136
1770179670
3765117483
4882058754
2016941943
0141713221
4159182903
5505491200
6286507623
8322203380
6850700813
6952631624
8323316850
6366767690
2115403613
0671940264
0647098506
2785615317
2822595663
3752499291
3562412955
8122535248
2615899649
4463167991
2250044085
6357017540
6558907238
2243476739
5667810891
6803282426
5066687252
0770856689
5818677475
1830060957
0773806488
2503631410
7819158533
7197875421
7005748006
7583659700
6027661629
4459814804
4596651580
9840639215
7532644692
4794311788
5737102932
3255914433
5689149147
9021165675
6220769055
7386043692
0053618427
9763001898
7051600795
3804986929
3341868190
8582015027
8665744035
4526057880
3787423697
7062382750
6407096466
7574232618
9634556384
3711199814
0574910611
6101586401
2514872221
6689540007
0362227821
4140975850
4861079392
6528566345
5118491183
3306624970
8277253368
6506031315
4582368244
0134861465
3980522136
1371194384
9927597388
9378918257
3822458197
0234908991
2958887758
1321644949
9059308891
7647207219
9043897564
1164564775
0729729528
6961472176
6777428123
9243946171
7030263990
9809157606
4134061777
2402504154
1769283941
9831514476
8817203311
9769565607
3167919559
9842979235
0880275537
9054039843
8069815039
1688766678
7890434446
0444338092
1861765990
8588398128
8950703083
5040602627
3490296158
0773806159
4085389242
4532581052
1046371846
7215694338
9379933219
4296885544
9879816908
0284428261
7864842902
1993848070
2195055423
4851111981
6775170197
0638861484
3872547909
3998274864
2071836475
2556299898
1123466229
8916903185
7795828964
7529138166
4721747232
0183947520
0482126933
1857140955
6629563871
7245235423
6390831553
1426596305
0172700416
0092622678
9294532156
7938074836
4047011742
8617757593
1010881744
4297778088
6368047866
5081186391
4709166464
6650811853
9584737853
7161446632
5572619602
6154002379
4604105151
0406057121
2571421292
4459508377
1272028907
9630639461
5831392073
9479044649
9117830994
2160350146
7009603123
0831083152
5298746863
9257165274
4036425764
4956120024
4220666631
9790538640
4530449483
4823516675
8618311952
3196644622
8163057549
2924490820
1808647369
9094848225
1222465921
9351308038
2598813541
3012276778
5044828898
6801570962
5472879835
5559027114
2832437881
7801324008
1183700663
9471836909
0058618109
1122635407
1602130847
4698352698
5093314612
0137455818
9848203823
5286407535
7564226693
0068354973
9082911471
8305738196
6555250318
3609606511
4739882145
9943911225
6139120954
6128921669
8021658357
8886898956
0367802492
2767216456
4419201371
6850840694
1544846811
2808993976
7301059006
3912243673
4458444881
3150638841
9060020688
8404293351
0655969939
2097467836
6444038802
0675276424
9380484353
7267891787
4121357201
9951850547
3967220953
7713764200
1348586702
6455615954
1494657653
6637031154
8743567003
3574322627
4766989756
5357240295
0313075201
4670532664
9995100437
3857341182
1842867686
5559991887
7149833506
8444158876
2016385878
6736504052
6101778288
7654658584
7106083298
0569416046
2819173383
9881252099
2364566460
9672562080
0920272218
9667991179
2132246574
3323023488
1677827053
2875503750
1418815230
0128460449
0222330526
9968420164
4792570544
9464944889
2050842851
0154946782
5677436315
1627769390
8668420228
9079480022
1728723807
8703474147
2662072848
6268275321
8631354568
9324031178
3092582872
3727894235
5912486794
8709070997
4919729139
1562459735
0368065882
6844163955
4536952452
0743169254
2659166833
6246021798
4096225813
5027247940
8429259237
6398778506
8354826357
7491143336
7882517521
8132613916
6446737770
6059599318
7305253405
2773522058
2038660621
8593713244
9713564432
8568802416
1932953707
9261875712
0559241289
1805518943
7088487105
8960832952
1718399037
6568994188
9932845636
9418042191
2690149764
3935849777
0369188619
1072681777
5604367305
1580222094
4973494345
0175658111
8348581943
9683482249
2752164062
0591529996
6660179337
7290772192
8346660501
3823594413
0199325328
4588716286
2016560372
7770370672
9839002827
6936011554
2312641585
4690392675
8775552537
2688969218
6916402930
5334682265
0565207642
8633447233
5847960363
8471790604
7584753838
1848059209
3178726329
6397572388
9253056296
2791756609
9020949241
8175881530
2200293328
0881815556
4341354561
9121969768
7866574558
9179183972
1719393995
3209830228
3904338832
9107705108
8400429632
1607889289
9075633245
2607528309
3595490066
4594946216
8958045860
2027546277
3001727101
7923578943
0741399995
7864147616
2720751113
7160615582
9562523586
9475526991
8887489310
7631471000
5947850777
6935023229
9758852724
0874671466
2943547379
4926238771
0819668259
4924347512
2169661982
6684534929
8029997569
6628238528
3968792531
0158094865
1152009504
8400303853
0335668920
0695397452
9368974859
3723623099
5510945061
3929815086
9997205697
5938129939
5417261359
1693985721
4865339302
3843973638
1486857415
5625502367
1685058105
6976160372
3152024046
1640163519
0402727319
6728176837
9030851955
2540252962
6277772371
9800545083
6738826076
4995841243
4832966540
8554396274
6154566231
3307770887
0815616266
2195558998
6377919629
1122194003
6681923694
